EP, 19, 2026092700,   , BEST,   0, 110N, 1399W,  20, 1008, DB,   0,    ,    0,    0,    0,    0, 1009,  140,  50,   0,   0,   E,   0,    ,   0,   0, GENESIS029,  ,  0,    ,    0,    0,    0,    0, genesis-num, 029, 
EP, 19, 2026092706,   , BEST,   0, 111N, 1390W,  25, 1008, DB,   0,    ,    0,    0,    0,    0, 1009,  160,  50,   0,   0,   E,   0,    ,   0,   0, GENESIS029,  ,  0,    ,    0,    0,    0,    0, genesis-num, 029, 
EP, 19, 2026092712,   , BEST,   0, 112N, 1382W,  25, 1006, DB,   0,    ,    0,    0,    0,    0, 1008,  180,  50,   0,   0,   E,   0,    ,   0,   0, GENESIS029,  ,  0,    ,    0,    0,    0,    0, genesis-num, 029, 
EP, 19, 2026092718,   , BEST,   0, 117N, 1376W,  30, 1005, DB,   0,    ,    0,    0,    0,    0, 1008,  260,  50,   0,   0,   E,   0,    ,   0,   0, GENESIS029,  ,  0,    ,    0,    0,    0,    0, genesis-num, 029, 
EP, 19, 2026092800,   , BEST,   0, 130N, 1375W,  30, 1004, DB,   0,    ,    0,    0,    0,    0, 1008,  280,  50,   0,   0,   E,   0,    ,   0,   0,     INVEST, S,  0,    ,    0,    0,    0,    0, genesis-num, 029, SPAWNINVEST, ep722026 to ep912026, 
EP, 19, 2026092806,   , BEST,   0, 130N, 1367W,  30, 1005, DB,   0,    ,    0,    0,    0,    0, 1009,  220,  50,   0,   0,   E,   0,    ,   0,   0,     INVEST, S,  0,    ,    0,    0,    0,    0, genesis-num, 029, 
EP, 19, 2026092812,   , BEST,   0, 134N, 1356W,  30, 1005, DB,   0,    ,    0,    0,    0,    0, 1009,  230,  50,  40,   0,   E,   0,    ,   0,   0,     INVEST, S,  0,    ,    0,    0,    0,    0, genesis-num, 029, 
EP, 19, 2026092818,   , BEST,   0, 138N, 1349W,  30, 1005, DB,   0,    ,    0,    0,    0,    0, 1009,  230,  50,  40,   0,   E,   0,    ,   0,   0,     INVEST, S,  0,    ,    0,    0,    0,    0, genesis-num, 029, 
EP, 19, 2026092900,   , BEST,   0, 144N, 1339W,  30, 1005, DB,   0,    ,    0,    0,    0,    0, 1008,  240,  60,   0,   0,   E,   0,    ,   0,   0,     INVEST, S,  0,    ,    0,    0,    0,    0, genesis-num, 029, 
EP, 19, 2026092906,   , BEST,   0, 144N, 1327W,  30, 1005, LO,   0,    ,    0,    0,    0,    0, 1008,  240,  60,   0,   0,   E,   0,    ,   0,   0,     INVEST, S,  0,    ,    0,    0,    0,    0, genesis-num, 029, 
EP, 19, 2026092912,   , BEST,   0, 145N, 1321W,  30, 1004, TD,   0,    ,    0,    0,    0,    0, 1008,  240,  50,  40,   0,   E,   0,    ,   0,   0,   NINETEEN, S,  0,    ,    0,    0,    0,    0, genesis-num, 029, TRANSITIONED, epC12026 to ep192026, 
EP, 19, 2026092918,   , BEST,   0, 143N, 1312W,  30, 1005, TD,   0,    ,    0,    0,    0,    0, 1010,  180,  50,  40,   0,   E,   0,    ,   0,   0,   NINETEEN, S,  0,    ,    0,    0,    0,    0, genesis-num, 029, 
EP, 19, 2026093000,   , BEST,   0, 140N, 1306W,  25, 1006, TD,   0,    ,    0,    0,    0,    0, 1008,  200,  50,  35,   0,   E,   0,    ,   0,   0,   NINETEEN, S,  0,    ,    0,    0,    0,    0, genesis-num, 029, 
EP, 19, 2026093006,   , BEST,   0, 140N, 1298W,  25, 1006, TD,   0,    ,    0,    0,    0,    0, 1008,  200,  50,  35,   0,   E,   0,    ,   0,   0,   NINETEEN, S, 12, NEQ,    0,    0,    0,   60, genesis-num, 029, 
EP, 19, 2026093012,   , BEST,   0, 142N, 1288W,  25, 1005, TD,   0,    ,    0,    0,    0,    0, 1007,  180,  50,  40,   0,   E,   0,    ,   0,   0,   NINETEEN, S,  0,    ,    0,    0,    0,    0, genesis-num, 029, 
EP, 19, 2026093018,   , BEST,   0, 148N, 1276W,  25, 1005, TD,   0,    ,    0,    0,    0,    0, 1007,  180,  50,  35,   0,   E,   0,    ,   0,   0,   NINETEEN, S,  0,    ,    0,    0,    0,    0, genesis-num, 029, 
EP, 19, 2026100100,   , BEST,   0, 151N, 1265W,  25, 1006, TD,   0,    ,    0,    0,    0,    0, 1008,  180,  50,  35,   0,   E,   0,    ,   0,   0,   NINETEEN, S,  0,    ,    0,    0,    0,    0, genesis-num, 029, 
EP, 19, 2026100106,   , BEST,   0, 153N, 1252W,  25, 1006, TD,   0,    ,    0,    0,    0,    0, 1008,  180,  60,  35,   0,   E,   0,    ,   0,   0,   NINETEEN, S,  0,    ,    0,    0,    0,    0, genesis-num, 029, 
EP, 19, 2026100112,   , BEST,   0, 152N, 1240W,  25, 1006, TD,   0,    ,    0,    0,    0,    0, 1008,  180,  60,  35,   0,   E,   0,    ,   0,   0,   NINETEEN, S,  0,    ,    0,    0,    0,    0, genesis-num, 029, 
EP, 19, 2026100118,   , BEST,   0, 152N, 1233W,  25, 1006, DB,   0,    ,    0,    0,    0,    0, 1009,  120,  60,  35,   0,   E,   0,    ,   0,   0,   NINETEEN, S,  0,    ,    0,    0,    0,    0, genesis-num, 029, 
EP, 19, 2026100200,   , BEST,   0, 150N, 1219W,  25, 1006, DB,   0,    ,    0,    0,    0,    0, 1007,  130,  60,   0,   0,   E,   0,    ,   0,   0,   NINETEEN,  ,  0,    ,    0,    0,    0,    0, genesis-num, 029, 
EP, 19, 2026100206,   , BEST,   0, 148N, 1205W,  25, 1007, DB,   0,    ,    0,    0,    0,    0, 1009,  100,  60,   0,   0,   E,   0,    ,   0,   0,   NINETEEN,  ,  0,    ,    0,    0,    0,    0, genesis-num, 029, 
